5 6 12 15 19 23 27 33 36 40 45 48 54 56 62 68 68.5 72 75 79 82 82.5 84 85 86
36
7 15 19 29 40 51 68
33 77
5 7 12 16 19 27 29 33 40 43 49 54 61 65 68 75 78 82 84 86
12 28 45 64 82
2 5 5.5 7 8 9 12 13 15 16 19 19.5 21 23 27 27.3333 27.6667 28 29 33 33.3333 33.6667 35 36 37 40 40.5 43 45 47 49 51 54 61 61.5 64 65 68 71 75 77 82 83 86
82
15 40 61 78
9 19 27 36 43 50 61 64 70 75 79 85
29
2 5 5.5 6 8 9 12 12.5 14 15 16 19 20 22 23 26 26.5 27 28 30 33 33.5 34 35 37 40 40.5 41 44 44.5 47 49 50 54 55 61 61.5 62 65 68 70 72 75 77 82 83 89 89.5
5 12 19 23 29 35 43 54 68 78
30
34
1 1.33333 1.66667 2 2.5 3 3.33333 3.66667 4 4.5 5 5.5 6 6.5 7 7.33333 7.66667 8 8.5 9 9.5 10 10.3333 10.6667 11 11.5 12 13 13.5 14 14.5 15 15.5 16 16.3333 16.6667 17 17.5 18 18.5 19 20 20.5 21 21.5 22 22.3333 22.6667 23 23.5 24 24.3333 24.6667 25 26 26.5 27 28 28.5 29 29.25 29.5 29.75 30 30.3333 30.6667 31 31.5 32 32.5 33 33.5 34 34.5 35 35.3333 35.6667 36 36.25 36.5 36.75 37 37.3333 37.6667 38 38.3333 38.6667 39 39.5 40 40.5 41 41.3333 41.6667 42 42.3333 42.6667 43 43.3333 43.6667 44 44.5 45 45.3333 45.6667 46 46.5 47 48 48.5 49 49.3333 49.6667 50 50.5 51 51.3333 51.6667 52 52.25 52.5 52.75 53 53.5 54 55 55.5 56 56.5 58 58.25 58.5 58.75 59 60 61 61.5 62 63 63.3333 63.6667 64 64.25 64.5 64.75 65 65.25 65.5 65.75 66 66.2 66.4 66.6 66.8 67 67.3333 67.6667 68 68.5 69 69.5 70 70.25 70.5 70.75 71 71.3333 71.6667 72 72.25 72.5 72.75 73 73.3333 73.6667 74 74.3333 74.6667 75 75.5 76 76.3333 76.6667 77 77.3333 77.6667 78 78.2 78.4 78.6 78.8 79 79.1429 79.2857 79.4286 79.5714 79.7143 79.8571 80 80.1429 80.2857 80.4286 80.5714 80.7143 80.8571 81 81.1429 81.2857 81.4286 81.5714 81.7143 81.8571 82 82.1667 82.3333 82.5 82.6667 82.8333 83 83.1429 83.2857 83.4286 83.5714 83.7143 83.8571 84 84.0769 84.1538 84.2308 84.3077 84.3846 84.4615 84.5385 84.6154 84.6923 84.7692 84.8462 84.9231 85 85.0588 85.1176 85.1765 85.2353 85.2941 85.3529 85.4118 85.4706 85.5294 85.5882 85.6471 85.7059 85.7647 85.8235 85.8824 85.9412 86 86.05 86.1 86.15 86.2 86.25 86.3 86.35 86.4 86.45 86.5 86.55 86.6 86.65 86.7 86.75 86.8 86.85 86.9 86.95 88 88.0244 88.0488 88.0732 88.0976 88.122 88.1463 88.1707 88.1951 88.2195 88.2439 88.2683 88.2927 88.3171 88.3415 88.3659 88.3902 88.4146 88.439 88.4634 88.4878 88.5122 88.5366 88.561 88.5854 88.6098 88.6341 88.6585 88.6829 88.7073 88.7317 88.7561 88.7805 88.8049 88.8293 88.8537 88.878 88.9024 88.9268 88.9512 88.9756 89 89.0667 89.1333 89.2 89.2667 89.3333 89.4 89.4667 89.5333 89.6 89.6667 89.7333 89.8 89.8667 89.9333
8 15 22 30 36 43 54 65 82
28 54 70 82
61
22 42 64
5 13 19 22 27 33 40 47 55 65 75 89
8 27 36 47 61 68 75 82
33 68
27 45 69
2 5 6 7 13 13.5 14 16 19 21 22 26 27 29 30 33 34 36 37 40 41 44 47 47.5 49 51 54 55 61 61.3333 61.6667 64 65 68 68.3333 68.6667 70 72 75 75.5 76 78 79 82 82.3333 82.6667 83 84 84.5 85 89 89.0769 89.1538 89.2308 89.3077 89.3846 89.4615 89.5385 89.6154 89.6923 89.7692 89.8462 89.9231
5 12 19 27 29 35 41 49 61 65 71 82 86
40
1 2 5 5.33333 5.66667 7 8 9 12 12.5 13 15 16 19 19.5 21 22 27 27.25 27.5 27.75 28 29 30 33 33.5 34 36 36.5 37 40 40.5 41 42 45 45.5 47 47.5 49 50 54 54.3333 54.6667 56 61 61.2 61.4 61.6 61.8 63 64 65 65.5 68 68.25 68.5 68.75 70 71 72 72.5 75 75.3333 75.6667 76 77 78 79 82 82.25 82.5 82.75 83 84 85 85.5 86 86.3333 86.6667
1 5 5.5 8 9 12 13 15 19 19.5 20 22 27 27.3333 27.6667 29 30 33 35 37 40 40.5 43 45 47 50 54 55 61 61.5 64 68 68.5 70 72 75 76 79 82 82.5 84 86
47 86
2 5 5.33333 5.66667 8 9 12 12.5 14 16 19 19.5 20 22 23 27 27.3333 27.6667 29 30 33 33.3333 33.6667 35 36 37 37.5 40 40.5 41 43 43.5 45 47 47.5 49 50 51 54 54.5 55 61 61.2 61.4 61.6 61.8 62 64 64.5 65 68 68.25 68.5 68.75 69 70 71 72 75 75.25 75.5 75.75 76 78 78.5 79 82 82.3333 82.6667 83 84 85 85.5 86 86.5
1 2 5 5.33333 5.66667 6 7 8 9 12 12.5 13 14 15 16 19 19.3333 19.6667 20 22 23 27 27.2 27.4 27.6 27.8 28 29 29.1 29.2 29.3 29.4 29.5 29.6 29.7 29.8 29.9 30 33 33.3333 33.6667 34 35 36 37 40 40.25 40.5 40.75 41 43 43.5 45 45.5 48 48.3333 48.6667 49 50 51 54 55 55.3333 55.6667 56 62 62.25 62.5 62.75 63 64 64.5 65 65.5 68 68.5 69 69.2 69.4 69.6 69.8 70 71 71.5 72 75 75.5 76 76.25 76.5 76.75 77 78 78.5 79 82 82.3333 82.6667 83 83.1667 83.3333 83.5 83.6667 83.8333 84 84.5 85 85.25 85.5 85.75 86 86.2 86.4 86.6 86.8
5 12 20 29 37 43 50 61 68 72 78 82 82.5 84 85 86 86.5
5 5.5 9 12 16 20 23 27 33 33.5 37 42 45 50 54 61 64 68 72 76 82 85
12 22 33 47 61 71 82
8 19 28 36 45 54 64 69 75 82 85 86
9 19 27 35 45 54 64 69 75 82 86
5 7 12 13 19 20 23 27 30 33 36 40 41 45 47 50 54 56 61 62 64 68 68.5 70 72 75 78 79 82 83 84 85 86 89 89.5
19 37 54 65 78
5 12 16 22 29 36 43 54 68
55
7 19 29 40 54 64 75 84
12 21 30 37 45 56 68 75 82 86
6 6.5 9 12 15 19 21 26 27 30 33 40 40.5 44 47 50 55 61 65 70 75 79 84 89
20 45 79
13 27 45
1 5 7 8 12 13 15 19 21 22 27 28 29 33 35 36 40 43 47 50 61 64 64.5 71 75 82 85
22 41 77
5 12 15 21 28 34 40 45 51 61 68 68.5 75 77 82 83 85 86
15 27 40 61 77
19 40
