15 29 42 51 56 63 68 71 75 78 82 85 89
20 33 44 54 61 68 75 82 89
5 7 9 13 16 20 26 28 33 37 41 44 47 49 51 54 55 56 58 61 62 63 64 65 68 68.5 69 70 70.5 71 72 75 75.3333 75.6667 76 77 78 79 82 82.3333 82.6667 83 84 84.5 85 86 89 89.5
5 7 9 13 16 20 22 26 29 33 35 37 40 42 44 47 47.5 49 50 51 54 54.5 55 56 58 61 62 63 63.5 64 65 65.5 68 68.3333 68.6667 69 70 71 71.5 72 75 75.3333 75.6667 76 77 77.5 78 79 82 82.25 82.5 82.75 83 84 84.5 85 85.5 86 86.3333 86.6667 89 89.3333 89.6667
51 68 79
5 8 13 19 23 28 33 40 44 47 50 54 55 58 61 63 64 65 68 68.5 70 71 72 75 75.5 77 78 79 82 82.3333 82.6667 83 84 85 86 86.5 89 89.5
30 50 63 70 75 82 85 89
5 5.5 7 9 13 14 16 19 20 22 26 26.5 28 30 33 34 36 37 40 41 42 44 47 47.5 48 49 50 51 54 54.3333 54.6667 55 56 58 58.5 61 61.5 62 63 63.5 64 64.5 65 65.5 68 68.25 68.5 68.75 69 69.5 70 70.5 71 71.5 72 72.5 75 75.25 75.5 75.75 76 77 77.3333 77.6667 78 78.5 79 79.5 82 82.1667 82.3333 82.5 82.6667 82.8333 83 83.5 84 84.25 84.5 84.75 85 85.25 85.5 85.75 86 86.25 86.5 86.75 89 89.2 89.4 89.6 89.8
6 13 16 21 26 33 37 42 47 50 54 55 58 62 64 65 68 69 70 71 72 75 76 77 78 79 82 82.5 83 84 85 85.5 86 86.5 89 89.5
5 9 15 20 26 29 35 41 47 49 50 54 55 58 61 62 63 64 65 68 68.5 70 71 72 75 75.5 76 77 78 79 82 82.5 83 84 85 86 86.5 89 89.5
5 8 13 19 21 26 30 35 40 42 47 48 50 54 55 58 61 63 64 65 68 68.5 69 70 71 72 75 75.5 76 77 78 79 79.5 82 82.3333 82.6667 83 83.5 84 84.5 85 85.3333 85.6667 86 86.3333 86.6667 89 89.2 89.4 89.6 89.8
2 5 7 9 13 14 16 19 21 23 26 29 33 35 40 40.5 44 44.5 47 48 49 51 54 54.5 55 56 58 61 61.5 63 63.5 64 65 65.5 68 68.3333 68.6667 69 70 71 71.5 72 75 75.3333 75.6667 76 77 77.5 78 79 79.5 82 82.3333 82.6667 83 84 84.5 85 85.5 86 86.5 89 89.3333
