0
0
0
0
0
0
0
0
0
0
0
0
0
0
0
0
0
0
0
0
0
0
0
0
0
0
0
0
0
3
3
3
3
4
5
5
3
4
4
4
4
6
6
7
9
9
9
13
13
13
13
15
15
15
17
17
18
19
21
21
22
24
24
24
25
28
27
27
27
33
35
35
36
37
38
38
41
41
42
43
44
45
45
49
52
52
55
57
58
60
60
61
62
64
65
65
63
65
65
66
65
69
72
72
72
72
73
75
76
77
78
79
79
82
84
88
89
89
89
90
90
91
91
93
93
97
93
90
90
88
88
88
87
87
86
86
86
88
88
88
87
89
88
89
91
91
91
93
95
96
98
100
101
103
103
105
99
96
96
93
91
91
93
92
93
94
92
91
93
93
94
96
95
96
97
98
98
100
99
101
101
99
100
104
104
103
97
93
95
93
91
93
93
91
92
96
93
96
99
99
101
102
107
109
112
113
116
119
121
123
127
129
130
132
135
137
134
131
135
131
134
137
136
136
137
137
137
138
139
139
141
142
140
141
142
141
141
143
141
141
140
139
139
141
142
143
144
142
146
147
148
142
136
134
130
128
125
122
120
121
120
116
114
112
112
111
113
115
112
112
112
113
114
117
117
118
117
116
114
114
115
105
95
96
94
89
90
87
88
89
90
88
89
89
93
94
94
93
93
94
98
101
102
102
103
107
108
107
108
109
110
106
100
101
102
107
108
111
114
118
121
124
125
130
135
139
143
146
151
154
156
160
161
168
172
173
176
179
182
185
189
183
180
181
180
178
180
181
181
184
186
188
189
190
192
194
195
195
195
198
198
200
200
201
204
204
207
208
209
210
211
209
206
207
207
205
204
204
203
201
200
199
199
200
200
200
200
201
201
202
203
202
202
203
203
205
206
206
206
208
208
203
199
198
198
194
196
196
195
193
196
195
194
194
192
193
190
190
188
188
187
184
184
185
184
186
187
186
187
189
187
179
178
180
177
177
179
179
177
178
177
174
177
174
170
173
174
172
177
176
174
178
179
178
180
184
185
187
189
190
191
187
184
184
187
191
192
192
194
197
197
199
200
199
202
203
202
205
208
209
208
208
208
210
214
213
212
212
209
209
211
211
211
214
213
215
209
202
203
197
192
188
186
181
176
173
170
171
168
165
165
161
158
158
155
156
156
156
155
156
156
154
152
154
156
155
147
138
139
140
138
137
138
137
131
130
129
131
128
124
125
121
121
123
122
126
127
127
131
132
132
133
132
133
133
131
123
117
118
122
129
134
137
146
148
153
158
162
168
173
177
184
189
193
198
205
209
216
220
223
229
233
234
237
239
240
234
232
234
232
233
235
235
241
240
239
240
240
241
243
243
244
245
248
249
252
252
255
256
256
260
262
263
264
264
266
262
257
255
256
253
251
250
250
248
245
248
247
246
245
242
241
241
239
237
238
237
236
236
236
236
237
238
238
238
238
232
226
227
225
225
221
222
224
222
220
219
218
215
215
216
214
214
215
213
212
211
210
213
211
210
210
211
209
209
209
204
198
196
192
192
189
190
190
187
187
189
186
187
186
185
185
187
188
189
195
194
196
198
200
201
204
206
207
209
211
205
202
201
200
200
204
204
205
206
210
209
210
212
212
213
215
214
214
217
217
218
218
217
216
217
215
213
215
214
215
214
214
214
213
216
213
206
204
202
195
192
189
186
180
177
173
169
168
168
167
167
167
165
163
162
162
163
161
160
161
159
161
164
162
161
156
147
146
148
145
143
144
144
142
144
143
143
144
137
142
141
145
145
147
149
148
150
149
152
152
151
152
153
153
152
147
142
143
140
141
144
150
152
156
159
165
170
173
178
183
187
192
195
203
206
210
215
219
224
231
234
239
241
244
248
244
240
241
242
245
245
252
254
254
257
261
263
263
265
267
271
271
274
277
279
281
282
284
289
290
291
291
293
297
297
294
290
289
286
283
281
280
278
276
274
274
272
271
268
266
265
265
264
262
262
260
260
257
256
256
255
254
254
254
252
247
243
243
240
238
239
237
237
238
239
236
239
236
236
237
236
236
237
235
235
236
235
238
237
236
237
238
237
235
234
229
222
225
220
222
221
218
219
219
217
217
214
213
212
211
208
208
211
209
212
212
212
212
212
213
215
214
214
215
215
208
204
204
207
210
208
212
213
217
216
219
220
221
222
224
225
226
227
230
233
233
235
239
240
241
240
239
238
239
239
239
237
242
243
244
236
230
231
224
220
215
212
206
203
200
193
188
187
186
185
184
184
186
183
183
182
182
185
184
182
185
183
183
183
185
178
172
166
170
170
163
164
164
161
157
156
157
154
157
156
155
156
156
159
156
159
158
159
158
158
157
157
157
157
158
151
149
152
154
156
163
168
174
177
183
189
193
200
209
212
217
221
227
232
239
242
247
251
255
261
265
269
271
274
278
275
269
272
268
265
265
267
268
271
271
273
276
279
280
283
287
289
292
293
295
298
300
303
304
305
306
307
308
310
311
307
303
300
298
300
296
295
293
292
289
290
288
285
285
283
281
280
280
281
283
282
281
282
283
281
279
280
279
278
278
269
266
265
264
264
260
262
262
260
261
259
260
259
256
257
256
255
255
257
256
258
257
255
254
255
255
254
253
253
250
245
241
240
237
235
234
233
234
233
232
231
226
226
227
226
225
225
227
230
231
231
233
234
234
236
236
237
238
238
238
233
230
229
228
226
226
228
225
226
227
227
229
230
234
235
236
237
241
241
242
243
251
250
253
254
258
260
260
262
261
263
262
263
261
263
255
248
248
242
238
232
232
227
220
220
216
213
210
209
206
202
200
198
198
199
199
201
201
200
200
200
200
197
198
196
187
180
179
178
178
176
177
174
170
170
167
165
165
162
164
160
158
167
168
167
164
169
166
168
168
164
163
161
159
158
149
146
148
150
155
158
164
171
177
179
184
188
194
197
204
211
215
221
229
234
241
250
255
262
267
271
280
286
289
296
294
294
296
295
299
301
305
306
308
312
316
318
320
323
327
328
330
334
337
340
344
345
348
350
351
353
353
355
356
357
353
349
347
344
342
339
337
334
332
330
328
325
325
322
320
318
319
319
317
315
315
315
314
314
312
312
311
311
312
313
306
301
299
298
298
297
299
295
293
292
290
289
289
288
287
289
288
288
289
287
287
289
288
289
287
285
284
285
282
283
276
270
269
267
269
266
266
263
265
264
262
264
264
264
265
261
263
268
266
267
267
268
271
272
273
274
277
277
278
278
271
266
268
267
268
267
267
264
264
262
264
264
262
263
266
262
268
270
270
273
273
276
277
281
280
280
280
279
280
280
281
280
284
287
288
282
278
275
271
268
263
260
258
257
253
252
251
248
246
248
248
245
244
243
241
239
240
239
235
234
233
231
228
226
224
218
208
208
205
204
204
204
202
197
196
193
192
190
189
190
188
186
188
192
193
191
194
194
191
191
191
190
190
191
190
182
174
174
180
182
184
189
194
202
203
207
213
217
221
226
232
239
243
252
261
269
279
286
293
298
303
308
313
315
318
317
319
321
324
329
331
335
338
343
347
351
351
355
360
363
364
366
371
374
378
381
382
385
387
387
388
390
392
392
393
389
387
385
384
381
380
378
375
372
371
369
368
366
363
362
361
359
357
357
357
355
355
354
353
352
350
348
349
348
346
340
335
333
331
331
327
329
325
321
320
320
318
317
314
314
313
312
316
317
318
320
322
321
320
322
321
322
322
321
320
313
306
304
301
303
301
303
300
300
301
301
300
299
301
304
301
302
304
307
309
308
312
315
314
317
319
320
322
326
327
319
315
314
314
316
313
312
312
311
310
310
310
309
309
313
310
311
313
314
315
315
318
319
320
319
322
321
322
321
320
318
320
323
324
325
321
318
318
311
311
306
305
300
295
293
289
288
288
281
284
281
282
281
279
279
279
275
275
272
271
269
265
264
263
261
255
245
243
241
245
237
237
237
233
229
228
224
219
221
217
212
215
220
220
221
222
222
228
227
226
228
228
228
227
226
220
214
215
214
214
216
220
224
229
235
239
244
248
254
258
261
266
271
273
283
292
298
303
310
316
318
323
330
332
335
334
335
338
341
341
344
347
350
353
358
361
365
367
372
376
382
385
390
395
399
404
405
408
409
409
410
410
411
411
411
406
403
400
399
396
395
392
390
388
386
384
380
378
376
374
372
370
368
370
368
366
365
365
363
361
360
358
359
359
357
349
343
344
337
335
334
334
331
327
326
326
322
322
320
319
316
314
315
312
312
312
313
313
312
312
313
310
312
314
313
305
303
305
304
309
306
312
312
312
313
312
315
316
314
315
317
317
320
322
323
325
329
330
336
337
336
336
337
337
338
333
327
328
325
325
320
323
323
320
321
319
319
318
317
316
316
316
318
316
320
317
319
322
323
322
322
322
322
321
322
323
322
325
326
333
324
323
319
316
313
306
304
302
297
296
291
289
287
285
283
280
279
276
277
277
274
274
274
271
270
270
269
265
264
262
255
244
247
245
241
238
241
237
234
232
228
226
224
218
218
220
218
222
222
223
221
222
223
220
222
224
223
226
225
226
217
212
213
210
212
214
214
221
221
225
232
232
241
243
245
252
255
255
261
269
277
286
293
298
301
306
310
313
316
322
318
317
321
324
329
335
337
339
343
348
352
354
360
365
370
373
375
379
381
386
390
391
394
396
397
400
400
403
403
405
400
397
396
395
394
391
387
384
383
381
379
377
376
373
373
370
369
369
367
365
364
363
362
361
359
357
356
356
354
352
344
338
337
336
331
326
325
323
321
316
316
312
309
308
307
302
305
306
306
308
306
308
309
309
310
310
311
311
312
313
307
302
304
302
300
296
298
297
292
293
292
292
289
292
294
294
293
297
301
303
304
307
308
307
309
307
307
310
309
309
303
299
298
294
293
292
290
292
290
290
286
286
287
289
291
287
289
297
295
296
298
300
301
303
304
305
306
307
307
307
309
310
313
315
319
312
307
310
306
302
297
295
291
287
287
284
287
282
280
281
278
278
279
276
276
275
273
273
274
273
270
267
265
265
262
254
246
245
239
240
232
232
230
222
220
218
215
212
207
206
201
201
205
205
203
206
208
208
205
203
204
207
204
204
205
200
192
194
194
198
201
204
208
213
218
217
223
228
233
238
241
249
256
263
274
283
291
298
307
317
322
327
332
334
339
336
334
336
333
334
335
338
341
346
348
351
354
358
362
367
370
372
377
381
384
386
391
397
399
403
404
405
405
405
406
402
397
393
392
389
386
386
384
381
379
378
374
373
369
365
365
361
357
358
357
357
355
354
355
353
352
350
349
347
346
340
335
333
332
332
327
328
324
322
321
318
316
314
312
311
310
309
308
308
309
310
310
310
309
310
311
311
313
315
314
308
304
302
299
300
301
299
298
298
297
296
294
291
290
292
291
292
292
292
292
291
291
294
297
297
300
299
298
298
299
291
287
286
282
281
284
283
281
280
281
278
279
280
275
278
277
276
279
282
284
287
290
293
295
296
298
299
297
299
300
300
301
305
309
312
306
301
301
298
293
290
289
286
284
278
276
275
275
271
274
271
270
271
267
266
264
265
261
261
257
255
252
250
251
247
239
230
230
224
228
222
220
217
213
206
204
200
198
195
195
193
191
198
196
200
199
203
204
204
204
207
205
206
207
207
200
199
201
204
206
213
218
217
222
225
230
235
240
246
251
253
259
266
270
277
286
290
298
306
311
319
326
328
333
338
333
332
337
337
339
343
346
348
352
355
359
362
367
371
374
378
384
388
390
394
398
400
403
407
408
409
410
410
410
410
406
403
403
399
396
395
394
392
389
387
384
380
378
375
373
372
369
367
368
365
361
359
356
356
354
352
349
347
347
345
338
332
329
326
324
322
319
318
315
312
309
309
307
305
305
305
303
303
302
302
301
301
302
303
303
303
304
305
306
307
301
299
298
298
297
294
293
293
290
290
292
289
284
286
289
286
287
288
291
294
295
298
299
305
303
304
304
303
305
305
297
293
295
294
294
294
295
296
295
296
294
293
296
296
297
299
302
306
308
310
312
315
317
318
318
321
322
324
325
326
327
327
328
328
330
325
321
317
311
310
304
304
300
295
292
292
291
291
288
290
290
287
284
284
282
281
278
274
275
271
266
265
262
261
257
247
237
237
233
232
225
224
223
219
213
214
212
213
207
205
207
208
212
216
222
223
222
225
225
225
228
225
230
232
228
221
219
220
218
224
230
233
239
246
249
255
257
264
270
275
278
284
292
299
305
313
317
327
329
333
337
340
344
347
352
348
346
348
350
352
356
360
362
367
370
373
377
380
383
386
391
393
398
401
404
405
407
409
413
413
414
415
415
416
416
412
409
410
406
404
400
399
398
394
390
389
387
384
382
383
380
378
377
374
370
370
369
367
364
362
358
358
356
353
350
344
338
335
333
331
329
331
328
327
327
324
323
321
318
320
315
314
318
319
318
317
318
318
320
321
319
321
320
320
321
314
307
307
308
309
305
305
306
305
303
303
305
304
303
304
301
302
304
305
305
305
310
311
310
310
312
309
311
314
314
308
303
300
299
301
299
301
299
298
299
296
295
295
295
296
295
297
299
301
305
305
309
311
310
313
313
313
313
314
314
315
316
320
322
326
320
315
312
310
305
303
298
299
294
291
288
289
285
284
284
281
282
285
283
279
276
275
272
269
265
262
259
258
253
252
244
235
233
229
229
228
226
222
221
223
217
215
216
214
214
208
209
214
214
215
218
222
222
221
222
223
225
224
226
225
217
218
215
214
216
220
221
227
232
233
238
239
245
253
256
260
268
273
278
288
294
299
308
313
318
323
327
330
334
338
335
334
337
339
342
343
348
350
354
357
361
364
367
371
374
377
380
385
389
393
396
401
405
408
409
409
409
411
412
412
408
404
401
398
395
392
389
387
384
380
379
376
372
371
370
366
363
362
360
358
358
356
352
354
351
347
347
346
343
341
333
327
325
320
319
316
315
316
310
309
308
307
307
304
302
304
306
308
306
307
307
308
309
308
310
311
311
312
314
315
306
302
305
302
299
297
298
299
299
299
297
298
297
298
299
299
301
304
306
308
309
312
315
316
317
319
318
318
319
317
311
307
305
303
301
299
303
299
299
300
297
298
295
296
295
297
299
297
299
302
304
306
310
308
308
308
306
307
309
309
309
311
315
318
324
317
313
316
308
307
302
304
299
295
290
289
286
285
281
283
280
279
280
278
276
274
272
270
267
267
266
263
261
262
260
252
243
243
240
242
237
238
238
232
226
223
223
224
218
217
214
220
218
219
220
222
222
223
224
227
227
223
228
232
230
226
220
220
220
217
221
225
228
234
236
243
248
253
260
264
269
278
283
288
295
303
312
321
326
334
341
345
351
355
357
353
351
354
352
355
360
361
366
368
372
375
379
382
385
389
391
395
399
404
408
414
416
419
422
423
425
425
427
429
430
427
424
422
421
418
415
415
411
408
406
405
401
399
397
394
392
390
390
387
385
384
382
380
377
378
375
374
372
369
366
360
353
350
346
346
343
344
343
339
336
334
333
332
327
328
323
323
325
324
326
325
325
329
330
328
329
329
330
330
330
324
323
321
320
318
318
318
316
315
315
313
312
309
309
310
307
309
311
311
316
315
318
319
320
320
322
321
322
322
324
316
308
310
310
310
307
311
311
306
308
306
308
308
307
309
308
309
310
314
313
314
319
323
322
323
322
323
326
324
323
326
325
328
329
333
325
323
321
315
316
309
307
304
300
297
295
292
291
288
291
286
284
284
280
277
277
272
269
267
263
263
260
259
254
256
245
232
231
229
229
220
222
218
213
208
203
206
203
197
197
194
198
201
202
205
206
208
211
212
213
215
214
217
219
218
212
211
215
216
219
226
231
237
242
247
253
256
262
265
271
278
281
287
299
303
311
319
326
333
337
340
345
348
350
355
350
347
351
352
352
354
358
361
366
368
373
376
381
385
387
391
396
400
403
406
411
415
418
419
419
419
419
420
420
420
415
410
408
404
404
401
400
397
395
391
390
387
383
379
378
375
373
372
369
368
365
367
363
360
357
358
355
352
351
351
343
339
334
336
335
330
327
326
324
320
316
312
312
308
308
306
306
306
306
305
302
305
305
305
307
308
307
311
310
310
307
305
307
307
306
307
310
311
307
312
310
310
310
309
311
308
309
310
310
313
312
313
318
318
320
321
320
319
319
319
312
310
311
307
308
304
305
304
300
300
300
300
299
299
300
300
299
303
306
309
312
313
313
317
319
319
318
321
322
321
320
318
321
323
324
317
313
312
305
300
296
295
289
285
280
279
276
272
271
273
265
263
265
262
258
256
254
255
254
248
247
245
241
238
234
227
217
219
212
211
211
213
208
201
200
200
195
192
190
192
188
190
194
200
202
198
198
203
201
203
202
203
204
204
203
198
192
196
195
197
206
209
214
217
220
228
228
232
238
243
245
249
254
262
266
276
283
291
298
302
305
309
315
318
321
319
321
323
324
328
330
333
335
339
342
345
348
351
356
358
363
366
370
374
376
379
384
385
387
388
388
389
389
389
390
386
383
381
377
375
371
371
368
364
360
360
356
353
350
349
346
343
340
337
336
334
331
331
329
325
321
320
318
315
313
308
301
302
296
295
289
291
288
283
283
282
280
278
277
275
271
270
271
273
275
275
277
280
278
280
281
279
281
282
280
276
273
273
269
269
271
271
269
268
270
269
268
269
267
270
269
269
270
271
272
274
275
276
277
278
275
275
277
274
274
270
268
268
267
266
261
262
263
261
260
260
259
260
258
259
260
263
264
268
271
273
276
280
281
280
283
283
281
281
282
282
281
281
282
283
276
270
272
267
261
257
253
248
244
242
241
235
236
233
233
233
231
232
229
228
225
225
222
220
219
217
215
215
212
211
202
193
192
188
183
183
182
177
175
176
175
174
172
172
172
170
168
170
172
173
175
176
176
176
178
175
175
176
173
175
173
168
168
170
172
176
177
181
187
189
193
199
203
208
211
216
221
227
238
246
248
257
266
273
274
280
283
288
291
295
295
295
297
298
298
301
304
306
312
314
317
321
325
328
330
333
337
339
343
345
347
349
352
352
353
353
355
355
356
356
351
346
345
342
339
336
333
330
328
325
321
319
317
313
310
309
307
306
304
302
301
300
298
296
294
295
293
291
289
289
283
277
273
270
266
265
265
262
260
260
256
256
253
253
250
247
245
246
246
246
247
249
250
251
250
249
252
251
250
250
245
243
241
239
237
238
238
236
233
230
232
233
234
232
233
234
236
238
240
242
245
247
249
252
253
253
254
253
253
253
248
243
243
241
239
239
242
238
240
237
235
235
234
233
234
234
231
233
236
237
239
241
242
242
246
246
248
248
247
248
248
249
249
251
255
245
240
238
234
232
227
226
221
216
216
214
212
212
214
216
214
217
217
217
215
212
210
210
208
205
203
202
200
199
198
189
181
178
173
169
168
166
160
158
159
158
155
152
150
149
148
143
150
154
153
156
160
160
161
160
159
161
162
160
160
157
153
154
156
159
164
172
171
173
179
183
185
188
197
200
203
206
213
221
226
230
240
245
251
255
257
261
264
269
272
271
272
276
278
280
283
286
288
292
296
298
301
305
309
313
315
318
320
323
326
328
331
333
334
335
335
335
335
336
336
332
328
326
323
321
318
315
311
310
307
304
302
301
300
298
296
295
293
292
290
289
287
286
284
283
281
279
278
276
275
268
263
261
257
255
252
249
248
244
245
243
240
240
239
237
236
236
236
236
235
237
240
239
239
241
241
240
240
240
241
237
233
231
230
226
227
226
224
225
225
227
225
225
228
231
231
232
235
238
240
240
241
241
243
243
244
242
244
244
241
235
232
229
225
225
223
221
221
221
222
219
221
220
218
218
218
216
217
221
220
223
225
224
225
226
226
226
226
225
225
225
226
226
228
230
222
217
215
212
207
202
203
199
194
192
194
194
193
194
195
197
195
196
197
195
194
193
192
192
191
189
189
190
188
187
178
170
166
167
165
166
161
162
160
157
151
156
153
149
149
151
150
153
152
150
151
152
151
151
150
149
149
147
144
144
141
136
137
136
140
140
146
148
150
151
152
157
161
163
169
172
176
178
185
190
195
200
207
210
213
219
220
225
230
231
231
230
233
234
236
240
242
244
248
251
253
254
257
260
262
263
266
269
271
274
276
280
282
284
286
286
288
289
289
289
285
281
279
277
273
271
268
264
262
260
257
254
253
251
250
248
246
245
243
242
240
240
238
236
235
234
232
231
230
230
224
219
219
216
215
214
210
210
207
207
207
209
209
211
211
211
213
214
216
215
215
217
216
216
216
218
217
217
217
217
212
209
207
205
203
202
202
200
199
199
197
197
194
194
195
194
195
194
194
195
195
194
193
192
192
191
190
188
189
188
183
179
177
175
174
172
171
169
165
163
163
161
161
160
161
159
159
159
159
163
164
165
166
167
166
167
169
168
170
171
170
172
174
174
177
173
172
171
169
167
167
164
161
158
159
157
155
154
153
153
155
155
157
156
155
155
155
153
152
152
151
150
149
149
147
139
130
126
125
122
119
116
110
108
108
106
104
104
104
104
102
101
103
104
104
105
104
104
103
103
101
100
100
100
97
95
94
93
93
96
99
103
105
108
112
115
119
120
127
128
130
134
140
142
149
155
158
163
166
169
172
177
179
180
182
179
178
180
179
181
182
183
185
187
188
189
191
193
194
194
195
196
197
197
198
199
200
200
200
200
200
200
200
200
201
199
196
195
192
190
189
186
185
184
183
182
182
181
180
179
180
179
178
177
177
176
175
174
174
173
172
171
171
170
169
165
163
160
160
158
156
155
153
153
152
151
150
149
148
147
146
146
147
146
146
146
146
146
146
145
146
146
145
145
146
141
137
136
134
132
131
129
129
129
127
125
125
123
121
119
117
118
116
117
116
115
115
115
114
114
115
114
114
114
114
111
109
107
107
108
108
109
113
111
113
113
111
112
112
112
112
111
113
113
114
114
116
116
116
116
115
115
116
115
115
115
115
116
116
116
113
111
110
108
108
105
105
104
102
102
102
102
101
102
104
104
103
102
102
104
104
103
102
100
100
98
96
94
94
92
84
78
76
74
69
66
65
63
63
63
61
62
64
62
64
64
64
64
65
65
64
66
67
68
68
68
70
69
68
67
65
63
64
64
67
68
69
71
72
73
73
75
76
77
78
78
79
80
81
82
83
84
85
85
86
87
89
90
90
91
89
89
90
90
