0
0
0
0
0
0
0
0
0
0
0
0
2
4
4
5
6
8
8
8
10
11
14
15
16
16
16
16
16
16
17
20
20
21
21
22
22
25
26
30
32
35
35
37
39
40
42
43
43
43
38
33
30
27
24
19
19
20
19
19
20
19
19
19
19
18
19
20
21
25
26
29
30
31
32
33
34
31
31
33
35
35
33
35
38
36
35
36
34
31
30
31
31
32
32
34
34
36
35
32
33
33
35
38
40
39
40
42
43
41
40
38
40
39
39
39
39
39
39
38
37
37
37
36
37
37
37
38
40
39
39
38
38
40
42
41
44
45
46
46
43
40
41
40
41
40
41
46
45
48
49
48
52
54
56
57
59
60
61
61
60
61
63
64
66
63
62
64
65
66
67
68
69
71
72
76
78
80
80
81
82
82
82
82
82
83
83
84
86
86
86
87
87
88
85
83
83
82
81
80
80
81
81
82
82
82
82
82
82
82
82
82
83
83
84
86
86
87
87
87
87
87
87
87
87
87
87
89
90
91
92
93
94
94
95
95
96
96
96
88
80
74
70
64
59
58
59
58
59
61
60
59
59
60
62
61
62
63
60
59
59
63
63
67
69
67
66
65
65
65
66
63
63
61
59
61
62
59
61
60
62
60
59
56
59
62
65
62
62
62
65
67
69
68
65
68
72
71
74
74
74
72
73
75
75
74
73
70
71
70
71
70
70
73
73
75
77
77
76
77
75
75
75
76
77
74
73
73
76
71
68
68
70
76
80
81
81
85
88
87
88
88
89
94
93
97
96
98
99
99
102
103
106
108
110
110
111
115
116
117
119
119
119
120
120
121
121
121
121
121
122
122
122
122
122
122
122
122
122
122
123
124
125
120
117
118
116
116
116
116
117
117
117
116
115
114
113
112
111
112
112
111
110
110
111
110
109
108
110
108
107
107
107
106
107
108
108
109
110
111
112
113
114
115
116
116
117
117
112
107
106
103
97
92
93
92
89
87
85
84
83
84
82
84
84
80
83
82
78
72
74
75
78
78
79
82
87
85
86
86
84
83
77
76
75
73
72
72
73
76
75
72
72
72
73
77
78
83
85
87
87
88
88
84
82
81
78
77
72
69
70
71
72
74
76
76
77
75
77
81
82
84
88
88
89
89
93
92
90
89
90
91
88
85
86
89
95
97
99
101
104
106
111
114
114
116
114
115
117
122
123
124
126
126
128
128
133
135
137
139
140
142
143
141
139
139
136
136
137
136
135
135
134
135
135
135
136
137
137
138
138
138
139
139
139
139
139
138
138
138
139
139
138
137
139
140
140
139
138
138
137
137
136
135
134
133
133
132
131
132
131
131
130
129
128
128
127
128
127
126
126
126
126
126
126
126
126
126
128
128
128
128
129
129
129
130
130
125
121
118
116
112
111
108
105
106
102
102
99
97
96
91
91
92
93
93
90
91
90
92
95
95
94
92
90
85
86
81
78
76
75
76
78
79
79
81
83
82
85
89
89
91
94
103
105
106
108
106
106
106
106
106
107
106
105
104
105
103
104
103
102
103
99
101
101
101
102
101
101
104
102
103
100
101
103
103
104
105
108
108
107
106
107
109
108
109
110
106
106
107
109
112
113
116
117
119
121
126
126
128
129
132
134
134
137
138
140
141
141
143
143
145
144
144
145
147
151
150
152
152
153
153
153
154
155
155
155
157
157
158
158
158
158
158
158
159
159
160
160
161
162
160
158
157
157
156
156
156
156
156
154
154
154
154
153
152
151
150
149
149
150
149
149
149
148
148
147
147
147
147
146
147
146
145
144
144
144
144
144
145
145
145
145
145
145
146
141
138
135
133
130
126
126
123
118
117
114
111
110
109
104
101
99
97
96
94
89
84
83
84
83
80
81
78
81
79
78
76
77
78
83
87
87
86
85
87
89
94
94
97
95
91
91
94
100
100
101
101
106
107
107
108
109
109
107
107
108
105
105
110
111
108
108
110
108
107
103
104
104
105
109
107
107
104
107
106
105
107
105
106
107
106
102
100
101
105
98
95
92
93
96
96
101
97
102
102
102
105
109
110
109
113
109
111
113
114
121
126
128
130
130
126
123
126
129
130
131
131
132
133
133
134
133
133
135
136
137
139
141
141
141
141
141
141
143
143
143
143
144
145
145
142
144
143
142
142
143
143
142
141
140
140
140
139
139
138
136
135
135
134
133
133
132
134
134
135
134
133
132
132
133
133
135
136
137
138
139
140
141
141
143
143
143
143
143
135
127
121
119
112
107
105
105
103
103
105
103
105
103
101
102
103
100
102
103
102
102
99
98
96
92
91
87
83
84
85
87
84
83
85
86
86
88
90
89
91
90
88
89
88
85
84
80
78
80
73
71
71
73
72
72
71
73
74
79
78
79
79
81
82
84
83
82
86
86
84
81
81
82
81
82
81
78
77
74
75
80
82
79
79
77
78
78
78
81
77
76
81
85
90
95
99
102
105
109
115
117
121
126
128
127
128
129
131
131
134
136
136
137
137
134
134
134
134
135
135
136
135
135
135
135
138
138
138
138
135
133
131
130
129
129
131
132
132
132
132
134
135
137
137
137
139
137
135
135
134
134
133
131
133
133
133
134
134
135
134
134
135
134
135
136
137
137
137
137
137
137
138
139
140
140
139
141
142
142
142
142
142
142
142
142
142
143
143
135
127
123
118
112
109
108
105
104
104
102
102
99
98
96
97
98
93
92
94
96
90
86
83
81
76
75
75
71
67
66
67
66
66
70
76
80
81
82
84
87
87
89
93
94
91
91
89
89
90
88
88
88
87
86
85
87
88
88
89
93
98
97
98
100
103
105
104
107
109
112
114
116
119
121
119
118
116
115
116
117
114
113
115
115
114
115
113
114
112
107
106
106
105
109
109
114
118
118
122
122
123
121
122
119
118
117
122
122
123
120
123
123
122
124
124
124
128
128
131
132
137
138
137
134
135
138
139
139
140
141
141
141
143
145
147
148
150
150
151
152
152
154
154
151
149
150
149
149
147
148
149
148
148
150
150
150
150
151
151
150
151
150
149
149
149
149
150
149
149
149
150
149
149
149
150
151
152
153
154
155
156
156
157
158
158
159
160
160
155
149
147
143
139
136
135
131
127
125
122
119
117
114
112
110
110
113
111
105
102
96
96
98
98
97
94
93
91
92
94
94
92
89
87
83
82
84
84
83
81
79
79
77
75
75
75
77
75
79
81
87
87
86
87
89
92
93
95
98
96
95
94
93
93
91
90
88
91
92
96
99
96
96
94
93
90
87
87
89
90
94
96
98
97
99
100
99
101
103
99
95
94
94
91
93
99
99
100
101
103
101
100
100
109
111
116
118
121
121
120
120
124
123
125
125
124
122
120
119
121
124
128
132
134
137
137
136
136
135
135
136
136
136
136
136
137
138
139
140
141
143
143
145
142
138
139
140
139
138
137
136
133
133
131
127
126
127
128
127
126
129
130
131
132
133
134
135
134
136
138
138
137
138
139
141
141
140
141
140
142
142
144
145
148
148
148
148
148
138
130
123
118
113
110
110
108
105
104
103
105
102
104
104
106
107
111
110
109
107
111
114
113
115
119
116
117
116
116
114
111
114
113
113
112
108
107
111
112
109
108
109
106
104
104
102
104
103
104
106
110
111
110
109
110
109
109
111
111
110
109
108
107
106
106
106
106
108
107
102
100
102
101
100
101
102
103
106
107
109
111
109
114
114
113
116
116
116
116
108
109
110
110
113
115
118
119
122
120
120
118
116
121
122
125
125
124
124
124
126
125
125
125
126
127
127
129
129
129
131
133
134
132
132
132
132
134
136
139
140
142
144
146
148
150
151
151
152
154
154
156
156
158
157
156
156
155
155
153
153
153
153
153
153
152
151
153
154
153
153
152
151
151
150
149
148
148
146
144
143
142
142
142
142
143
145
146
145
146
146
147
147
147
147
148
149
151
152
147
141
137
137
132
129
126
127
125
124
124
123
121
118
116
116
117
115
115
114
117
114
112
111
110
111
109
108
107
104
102
104
103
101
100
100
101
103
102
103
103
103
104
102
100
99
99
99
99
100
101
98
97
98
96
99
100
98
97
96
95
96
97
98
96
97
95
98
96
99
101
101
103
103
104
103
102
99
101
102
107
106
107
108
110
113
114
114
115
118
113
108
111
110
112
109
108
106
104
108
104
106
105
107
112
114
117
117
118
120
123
122
124
128
134
131
130
130
129
128
124
123
121
118
117
118
120
123
126
129
131
133
134
137
139
142
145
146
146
147
147
147
148
148
147
146
146
147
147
147
148
148
148
147
147
148
148
147
147
147
146
146
147
148
146
147
147
146
144
142
143
143
142
143
142
141
141
141
143
143
142
142
142
143
144
145
146
146
147
142
137
135
130
125
124
123
120
118
116
114
113
110
108
107
105
104
99
99
99
97
93
92
92
85
81
81
79
78
79
77
78
75
78
76
80
79
79
78
76
74
76
74
75
75
75
76
74
71
68
69
70
74
73
69
70
72
77
82
82
84
86
86
88
87
84
84
86
84
83
79
77
76
77
77
78
77
76
77
79
82
82
86
87
89
88
90
91
91
90
89
89
90
93
96
96
97
96
99
107
114
120
123
126
129
131
131
133
134
135
137
138
139
141
142
141
140
139
139
138
137
137
136
135
134
134
134
134
134
134
134
134
134
134
134
135
135
136
136
137
138
138
138
138
135
133
133
132
131
130
130
129
128
127
127
126
125
125
124
123
123
122
121
121
121
120
119
119
119
119
119
118
118
117
116
116
116
116
116
116
116
116
116
116
116
117
118
119
119
111
103
96
90
83
80
78
80
79
79
79
79
78
77
76
76
76
76
76
72
74
74
76
77
76
75
73
73
70
70
66
68
70
68
65
66
70
67
62
60
55
56
53
50
47
44
45
48
46
48
47
49
52
50
51
55
56
56
58
60
65
64
63
66
68
67
68
69
68
66
66
63
63
64
63
64
63
59
58
58
58
60
62
64
67
68
70
74
75
73
69
69
69
71
72
74
78
79
80
82
87
87
90
90
91
95
96
96
98
100
99
100
102
104
104
105
104
104
105
105
107
107
111
111
111
114
114
116
118
119
120
120
122
123
124
125
126
126
126
126
126
126
126
126
123
121
121
120
119
119
118
117
116
115
114
114
113
112
111
111
110
109
109
109
108
107
107
106
106
105
105
104
103
102
102
101
101
101
101
101
101
102
102
103
103
103
103
103
105
100
95
92
89
86
83
81
77
76
73
70
67
65
66
63
63
62
64
61
60
57
58
58
54
52
48
50
53
53
50
47
47
49
50
52
53
56
54
52
50
50
51
48
46
44
42
43
45
43
43
42
45
48
45
44
46
49
46
51
51
53
54
54
51
50
50
51
49
50
48
48
47
50
48
50
51
50
51
50
52
52
54
55
53
54
58
60
61
61
60
58
60
61
63
67
69
71
72
74
78
78
80
79
80
78
79
77
79
80
76
78
78
79
82
84
86
87
89
91
91
92
93
93
96
99
100
103
105
107
108
108
109
109
109
109
109
109
109
109
109
109
109
109
109
105
103
103
102
101
100
99
98
98
97
97
96
95
94
95
95
95
95
95
95
95
96
96
97
98
98
99
100
100
100
100
100
100
100
100
100
100
100
100
100
100
100
100
100
100
91
82
78
71
62
58
57
57
57
57
60
60
60
60
58
57
58
57
56
55
51
52
48
47
45
47
43
44
41
42
44
45
46
46
45
45
46
48
49
49
46
46
47
50
49
46
45
43
44
46
45
44
40
39
42
40
35
33
34
34
38
39
37
37
38
39
40
37
35
36
34
34
36
35
38
42
44
45
42
42
44
49
51
52
52
51
55
56
57
56
58
58
62
66
68
69
70
71
72
72
73
74
73
76
78
79
78
79
82
82
80
79
80
81
81
81
84
84
86
86
85
86
85
85
84
85
86
87
88
89
90
91
92
92
93
94
94
95
96
96
97
98
98
99
98
98
98
97
96
96
95
94
93
93
92
92
91
90
89
89
88
87
88
88
88
89
88
88
87
88
88
88
88
89
88
89
89
90
91
92
92
93
94
94
95
95
95
95
95
88
81
79
72
66
62
60
58
57
55
58
59
56
58
55
59
60
58
58
58
57
57
57
57
56
52
50
48
51
45
42
42
40
38
36
34
31
30
30
36
39
41
44
45
48
50
52
54
56
58
58
59
60
61
62
63
63
63
63
62
60
60
60
61
61
62
63
64
64
65
65
65
65
67
68
69
71
75
75
76
76
79
79
80
81
81
81
81
80
79
80
79
78
79
80
81
82
83
83
83
84
85
88
88
89
90
91
92
92
92
91
91
90
90
89
90
91
93
92
92
94
97
99
100
101
101
102
103
103
104
105
105
106
106
107
107
108
108
109
110
110
110
110
110
107
104
104
103
102
101
100
99
99
98
97
96
96
95
94
93
93
92
91
90
90
90
89
89
89
89
89
88
88
89
89
90
91
91
92
93
93
94
94
95
96
96
96
97
97
93
89
86
82
79
77
75
72
71
68
67
65
62
60
59
59
58
57
54
53
49
47
45
45
44
43
40
39
40
37
36
36
37
37
36
34
34
32
32
36
37
39
41
42
42
41
38
35
35
34
37
35
36
38
38
39
39
40
40
40
41
41
41
41
41
40
41
40
41
42
43
44
43
45
45
46
45
45
46
46
44
42
44
43
41
41
40
40
40
39
38
37
43
42
44
46
50
54
59
61
62
64
67
67
73
73
77
78
79
82
82
84
85
88
88
88
88
88
89
89
89
89
89
89
90
90
89
88
87
88
89
89
89
89
89
90
90
93
92
92
92
93
92
93
91
90
90
90
90
91
90
89
88
89
89
88
88
89
89
89
89
90
90
90
90
90
90
90
90
90
90
90
90
90
90
90
90
90
90
90
90
90
90
90
90
90
90
90
90
83
76
71
66
62
57
56
56
53
54
55
54
54
51
48
46
46
47
45
46
45
44
44
42
39
40
39
35
36
36
34
35
34
35
33
32
32
34
36
38
37
36
36
39
39
39
41
39
42
41
40
38
39
39
39
37
37
36
36
36
35
35
34
35
35
36
36
36
35
34
34
34
34
35
34
33
33
33
32
33
35
34
34
34
34
35
36
37
38
38
39
40
42
42
41
40
44
45
47
50
56
57
61
63
67
69
70
71
73
72
71
71
72
71
72
72
72
72
73
75
75
76
77
77
78
79
80
80
81
82
82
82
82
82
82
82
82
82
82
82
82
82
82
82
80
79
78
78
77
76
75
74
73
73
72
72
70
69
69
69
68
68
67
67
66
66
66
67
66
66
66
67
67
68
69
70
70
72
72
73
74
74
75
76
76
76
76
76
76
67
59
53
50
43
39
38
37
35
33
32
34
35
33
31
36
35
35
38
39
42
43
45
40
36
34
35
33
29
27
29
28
28
27
29
29
30
31
33
34
35
38
38
41
41
43
46
48
47
47
48
49
50
51
54
54
55
56
56
57
58
59
58
59
59
59
60
63
63
64
64
65
66
66
66
67
68
66
66
67
68
67
67
68
68
67
68
69
69
69
70
71
73
73
76
78
78
80
81
82
83
85
85
87
86
86
85
86
87
87
87
88
88
89
90
90
92
93
94
96
96
98
98
99
100
102
103
104
105
107
107
108
109
109
109
109
109
109
109
109
109
109
109
109
107
106
106
105
104
103
102
101
101
100
99
99
98
97
96
95
95
95
95
95
95
94
94
94
93
93
94
93
93
94
94
95
96
96
97
98
98
98
99
99
100
101
102
102
102
97
92
87
85
82
78
75
74
71
69
67
66
65
62
61
59
59
56
56
54
51
50
51
49
49
48
47
45
43
41
40
41
41
40
41
39
38
37
36
37
36
37
40
41
41
40
39
38
38
37
36
37
35
34
33
34
35
35
36
35
36
38
37
38
39
39
38
38
38
41
41
42
42
42
42
42
40
40
38
36
40
42
41
43
44
44
46
47
46
48
47
47
50
54
58
60
62
63
66
65
69
69
70
71
72
72
75
76
78
78
78
79
79
79
79
79
80
80
81
81
82
82
83
83
83
83
83
84
84
85
85
86
86
87
87
88
88
88
89
89
90
90
91
91
90
90
89
89
89
89
88
88
88
88
87
87
86
85
84
84
84
83
82
82
82
82
81
80
80
79
79
78
77
77
77
77
77
77
77
78
78
79
80
80
81
82
82
83
84
78
73
70
68
64
61
59
58
55
55
52
51
49
49
46
45
45
45
45
46
46
46
47
45
43
40
38
37
35
33
31
32
31
32
31
33
31
32
33
32
31
31
31
35
36
34
32
31
31
31
32
31
27
27
28
30
29
31
31
30
32
30
30
31
29
30
26
25
24
22
23
24
25
28
26
25
23
23
26
27
26
25
25
27
26
27
28
29
27
25
26
24
26
29
31
31
34
42
46
49
54
55
58
59
60
62
63
64
65
68
68
70
72
72
73
73
74
74
76
77
77
77
78
78
78
77
77
75
77
77
78
79
80
81
81
82
82
82
82
82
82
82
82
82
79
77
76
76
75
74
73
72
71
73
73
73
73
74
74
74
74
74
74
74
74
74
74
74
74
74
74
74
74
74
74
74
74
74
74
74
74
74
74
74
74
74
74
74
74
68
62
61
56
50
46
44
41
40
38
36
34
34
33
31
32
32
31
30
28
27
26
23
21
23
20
18
16
15
14
12
13
13
13
14
15
15
15
13
14
14
15
17
17
16
15
16
18
18
19
19
21
19
19
18
18
20
21
20
18
21
25
25
27
28
26
28
29
30
30
29
29
31
33
34
35
35
35
36
36
36
37
38
38
36
36
38
41
41
44
44
44
44
45
46
48
50
52
51
52
53
54
54
55
54
55
55
56
57
57
57
57
57
57
57
57
57
57
57
57
57
57
57
57
57
57
57
57
57
57
57
57
57
57
57
57
57
57
57
57
57
57
57
57
55
53
53
51
50
49
48
47
47
46
46
45
44
43
43
42
41
41
41
40
39
39
39
39
38
38
38
37
36
36
36
37
38
38
39
40
40
41
42
42
43
44
44
45
45
41
36
31
30
25
22
23
23
25
27
29
27
28
28
26
28
29
29
30
29
28
27
25
25
26
26
23
22
21
19
20
18
18
17
15
15
14
14
15
16
19
20
20
20
21
22
22
21
23
25
25
24
23
23
24
24
25
25
27
29
29
29
28
27
27
28
29
30
29
29
29
29
29
30
30
29
27
28
28
29
28
29
29
27
28
30
31
31
30
30
31
33
36
38
39
42
44
44
45
44
44
45
45
47
47
47
48
50
49
50
51
51
51
52
52
52
52
52
52
52
52
52
52
52
52
52
52
52
52
52
52
52
52
52
52
52
52
52
52
52
52
52
52
52
50
49
49
48
47
46
45
45
44
43
43
42
41
40
39
39
38
38
38
37
36
35
36
35
34
33
33
33
32
33
33
33
33
33
34
35
36
37
38
38
39
40
40
41
42
37
32
27
25
20
17
17
18
18
19
18
20
21
21
21
22
25
26
26
25
25
26
27
26
25
23
23
24
23
22
22
21
22
21
20
22
21
19
18
17
17
17
16
17
18
17
19
19
19
21
22
22
22
23
24
24
25
25
25
26
28
27
28
29
31
32
32
33
33
33
34
35
37
37
39
40
40
40
41
42
44
45
47
48
49
49
50
51
52
52
52
52
53
54
55
55
56
57
57
57
57
57
57
57
57
57
57
57
57
57
57
57
57
57
57
57
57
57
57
57
57
57
57
57
57
57
57
57
57
57
57
57
57
57
57
57
57
57
57
57
57
57
57
57
56
55
54
54
53
52
51
50
49
49
48
47
46
46
45
44
43
43
44
43
42
41
42
42
41
40
39
40
39
39
39
39
39
39
39
39
39
39
39
39
39
39
39
41
42
40
39
37
38
37
35
34
32
30
30
28
26
24
25
23
22
22
23
22
21
20
19
19
19
19
19
17
17
18
17
16
15
16
16
16
16
16
16
15
14
13
14
14
14
15
16
16
16
16
18
20
20
20
20
20
21
21
21
21
21
22
24
24
25
25
25
28
28
29
29
30
32
32
32
33
31
32
36
36
37
39
39
39
39
40
41
43
42
42
40
40
41
43
45
48
49
50
51
54
55
57
57
57
57
57
57
57
57
57
57
57
57
57
57
57
57
57
57
57
57
57
57
57
57
57
57
57
57
57
57
57
57
57
57
57
57
57
57
57
57
57
57
57
57
56
55
54
54
53
52
51
50
50
49
49
48
47
46
46
45
44
44
44
44
44
43
43
42
41
40
39
39
39
38
38
38
38
38
38
39
40
40
41
41
42
43
43
44
45
43
42
42
40
38
38
37
35
34
32
31
31
29
28
27
27
26
26
24
25
23
22
22
21
20
20
20
19
19
18
18
18
20
20
21
21
21
20
20
21
22
21
20
19
18
18
18
16
14
12
15
16
17
17
19
23
23
24
26
26
26
26
24
24
24
23
23
23
23
23
25
26
26
27
26
26
28
27
28
28
29
29
28
28
31
31
32
32
32
33
34
33
35
38
37
39
39
39
41
42
44
44
46
46
45
46
46
47
48
48
49
49
50
50
51
51
51
51
51
51
51
51
51
51
51
51
51
51
51
51
51
51
51
51
51
51
51
51
51
51
51
51
51
51
49
48
47
47
46
45
44
43
43
42
41
41
40
39
39
38
37
37
37
37
36
36
35
35
34
34
33
32
33
32
32
33
33
34
35
35
36
36
38
38
39
40
40
41
42
37
32
29
25
20
18
19
18
18
18
20
19
20
19
21
20
22
22
24
24
25
28
26
25
22
21
21
22
21
22
20
20
20
19
17
16
18
17
17
17
16
14
15
17
16
15
15
15
17
17
18
19
19
21
20
21
22
20
21
22
22
23
25
25
27
28
28
29
29
29
30
31
31
32
33
34
34
35
35
36
37
37
38
39
39
40
41
41
42
43
43
44
45
47
48
49
51
51
52
52
52
52
52
52
52
52
52
52
52
52
52
52
52
52
52
52
52
52
52
52
52
52
52
52
52
52
52
52
52
52
52
52
52
52
52
52
52
52
52
52
52
52
52
52
50
49
48
48
47
46
45
44
43
43
42
41
40
40
39
38
37
37
36
35
35
35
34
35
35
34
34
34
33
33
34
34
35
35
36
37
37
38
39
39
40
40
40
41
42
41
39
37
35
34
32
31
30
28
27
27
25
23
22
21
20
20
20
18
18
17
16
15
13
10
10
7
7
9
9
10
10
11
12
12
11
