0
0
0
0
0
0
0
0
0
0
0
0
0
0
0
0
0
0
0
0
0
0
0
0
0
0
0
0
0
0
0
0
0
0
0
0
0
0
0
0
0
0
0
0
0
0
0
0
0
0
0
0
0
0
0
0
0
0
0
0
0
1
1
1
1
1
1
1
1
1
1
2
2
2
2
2
3
3
3
3
3
4
4
4
5
5
5
5
6
6
6
7
7
8
8
8
9
9
10
10
10
11
11
12
12
12
13
13
14
14
15
15
16
16
17
17
18
19
19
20
20
21
22
22
23
23
24
25
25
26
27
27
28
28
29
30
30
31
32
32
33
34
34
35
36
36
37
38
38
39
40
40
41
42
43
43
44
45
46
46
47
48
48
49
50
50
51
52
53
53
54
55
56
56
57
58
59
59
60
61
62
63
63
64
65
66
67
67
68
69
70
70
71
72
72
73
74
75
75
76
77
77
78
79
80
81
81
82
83
84
85
86
86
87
88
89
90
91
92
93
94
95
96
96
97
98
99
100
101
102
103
103
104
105
106
107
107
108
109
110
111
111
112
113
114
114
115
116
116
117
118
119
119
120
121
121
122
123
123
124
124
125
126
126
127
127
128
129
129
130
130
131
132
132
133
134
134
135
136
136
137
138
138
139
140
140
141
141
142
143
143
144
144
145
146
146
147
148
148
149
150
150
151
152
152
153
154
154
155
155
156
157
157
158
158
159
160
160
161
161
162
163
163
164
164
165
166
166
167
168
169
169
170
171
172
173
174
174
175
176
177
178
179
180
181
182
183
184
185
186
187
188
189
190
191
192
193
194
195
196
197
198
199
200
201
202
203
205
206
207
208
209
210
211
213
214
215
216
217
218
219
221
222
223
224
225
226
227
228
230
231
232
233
234
236
237
238
239
241
242
243
244
246
247
248
249
250
252
253
254
255
256
258
259
260
261
262
263
265
266
267
268
269
271
272
273
274
275
276
278
279
280
281
282
283
284
286
287
288
289
290
291
293
294
295
296
297
298
299
301
302
303
304
305
306
308
309
310
311
312
314
315
316
317
318
320
321
322
323
324
326
327
328
329
331
332
333
334
335
336
338
339
340
341
342
343
345
346
347
348
349
350
351
353
354
355
356
357
358
359
360
361
362
363
364
365
366
367
368
369
369
370
371
372
373
374
375
376
376
377
378
379
380
381
382
383
384
385
386
387
388
389
390
391
391
392
393
394
395
396
397
398
399
400
401
401
402
403
404
405
406
407
408
409
409
410
411
412
413
413
414
415
415
416
417
418
419
419
420
421
422
423
424
425
426
427
428
429
430
431
432
433
434
435
436
437
439
440
441
442
443
444
446
447
448
449
451
452
453
454
456
457
458
460
461
462
464
465
466
468
469
471
472
473
475
476
478
479
481
482
484
485
487
488
489
491
492
494
495
497
498
500
501
503
504
505
507
508
510
511
513
514
516
517
519
521
522
523
525
526
528
529
531
532
534
535
537
538
539
541
542
544
545
547
548
549
551
552
554
555
556
558
559
561
562
563
565
566
567
569
570
571
573
574
575
577
578
579
581
582
583
585
586
587
589
590
591
593
594
596
597
598
600
601
603
604
605
607
608
610
611
612
614
615
616
618
619
621
622
624
625
626
628
629
631
632
633
635
636
637
639
640
642
643
644
646
647
648
650
651
652
654
655
656
657
659
660
661
662
663
664
665
666
667
668
669
670
671
672
673
674
675
675
676
677
678
679
680
681
682
683
684
685
686
687
688
689
690
690
691
692
693
694
695
696
697
698
699
700
701
702
703
704
705
706
707
708
709
710
712
713
714
715
715
716
717
718
719
720
721
722
724
725
726
727
728
729
730
731
732
733
735
736
737
738
740
741
742
743
745
746
748
749
750
751
753
754
756
757
758
760
761
763
764
766
767
769
770
772
773
775
777
778
780
782
783
785
787
788
790
792
793
795
797
798
800
802
803
805
807
808
810
812
813
815
816
818
820
821
823
825
826
828
830
831
833
835
836
838
840
841
843
845
846
848
850
851
853
854
856
858
859
861
863
864
866
867
869
871
872
874
875
877
879
880
882
883
885
887
888
890
891
893
894
896
897
899
900
902
903
905
906
908
909
911
912
913
915
916
918
919
921
922
923
925
926
928
929
930
932
933
935
936
937
939
940
942
943
945
946
947
949
950
952
953
955
956
958
959
961
962
964
965
967
968
970
971
973
974
976
977
979
980
982
983
985
986
988
989
990
992
993
994
995
997
998
999
1000
1001
1002
1003
1004
1005
1006
1007
1008
1010
1011
1012
1013
1014
1015
1016
1017
1018
1019
1020
1021
1022
1023
1024
1025
1026
1027
1028
1030
1031
1032
1033
1034
1035
1036
1037
1038
1039
1040
1041
1042
1044
1045
1046
1047
1048
1049
1051
1052
1053
1054
1055
1056
1057
1058
1059
1061
1062
1063
1064
1065
1067
1068
1069
1071
1072
1073
1074
1076
1077
1079
1080
1081
1083
1084
1086
1087
1089
1090
1092
1094
1095
1097
1098
1100
1101
1103
1105
1106
1108
1110
1111
1113
1115
1117
1119
1120
1122
1124
1126
1128
1130
1132
1134
1136
1138
1140
1142
1144
1146
1148
1150
1152
1154
1156
1158
1160
1162
1164
1166
1168
1170
1172
1174
1176
1178
1180
1182
1184
1186
1188
1189
1191
1193
1195
1197
1199
1201
1203
1205
1206
1208
1210
1212
1214
1216
1217
1219
1221
1223
1225
1226
1228
1230
1232
1234
1235
1237
1239
1241
1242
1244
1246
1248
1250
1251
1253
1255
1257
1258
1260
1262
1263
1265
1267
1268
1270
1272
1273
1275
1277
1278
1280
1282
1283
1285
1286
1288
1290
1291
1293
1294
1296
1298
1299
1301
1303
1304
1306
1308
1309
1311
1312
1314
1316
1317
1319
1320
1322
1324
1325
1327
1329
1330
1332
1333
1335
1337
1338
1340
1342
1343
1345
1346
1348
1350
1351
1353
1355
1356
1358
1359
1361
1363
1364
1366
1367
1368
1370
1371
1373
1374
1375
1377
1378
1379
1380
1381
1383
1384
1385
1386
1387
1388
1390
1391
1392
1393
1394
1395
1396
1397
1399
1400
1401
1402
1403
1404
1405
1406
1407
1408
1409
1410
1412
1413
1414
1415
1416
1417
1418
1419
1420
1421
1422
1423
1425
1426
1427
1428
1429
1430
1431
1433
1434
1435
1436
1437
1438
1439
1440
1442
1443
1444
1445
1446
1448
1449
1450
1452
1453
1454
1456
1457
1458
1460
1461
1463
1464
1465
1467
1468
1470
1472
1473
1475
1476
1478
1479
1481
1483
1484
1486
1488
1489
1491
1493
1495
1496
1498
1500
1502
1504
1506
1508
1510
1512
1514
1516
1518
1520
1522
1524
1526
1528
1530
1532
1534
1536
1539
1541
1543
1545
1547
1549
1551
1553
1555
1557
1559
1561
1563
1565
1567
1568
1570
1572
1574
1576
1578
1580
1582
1584
1586
1587
1589
1591
1593
1595
1597
1598
1600
1602
1604
1606
1608
1609
1611
1613
1615
1617
1619
1621
1622
1624
1626
1628
1630
1632
1634
1636
1637
1639
1641
1643
1645
1647
1649
1650
1652
1654
1656
1658
1659
1661
1663
1665
1667
1668
1670
1672
1674
1675
1677
1679
1681
1682
1684
1686
1688
1689
1691
1693
1695
1696
1698
1700
1702
1703
1705
1707
1708
1710
1712
1713
1715
1717
1718
1720
1722
1724
1725
1727
1729
1731
1732
1734
1736
1738
1739
1741
1743
1745
1746
1748
1750
1751
1753
1755
1757
1758
1760
1761
1763
1765
1766
1768
1769
1770
1772
1773
1774
1776
1777
1778
1779
1781
1782
1783
1784
1786
1787
1788
1790
1791
1792
1793
1795
1796
1797
1798
1800
1801
1802
1803
1805
1806
1807
1808
1809
1811
1812
1813
1814
1816
1817
1818
1819
1821
1822
1823
1825
1826
1828
1829
1830
1832
1833
1834
1836
1837
1838
1840
1841
1842
1844
1845
1846
1848
1849
1850
1852
1853
1855
1856
1858
1859
1861
1862
1864
1866
1867
1869
1871
1872
1874
1876
1878
1880
1881
1883
1885
1887
1889
1891
1892
1894
1896
1898
1900
1902
1904
1906
1908
1911
1913
1915
1917
1919
1921
1924
1926
1928
1930
1933
1935
1937
1939
1942
1944
1946
1949
1951
1953
1955
1958
1960
1962
1964
1967
1969
1971
1973
1975
1977
1980
1982
1984
1986
1988
1990
1993
1995
1997
1999
2001
2003
2005
2008
2010
2012
2014
2016
2018
2020
2022
2024
2026
2028
2030
2032
2034
2036
2038
2040
2042
2044
2046
2048
2051
2053
2055
2057
2059
2061
2063
2065
2067
2069
2071
2073
2075
2077
2079
2081
2083
2085
2087
2090
2092
2094
2096
2098
2100
2102
2104
2106
2108
2110
2112
2114
2116
2118
2120
2122
2124
2126
2128
2130
2132
2134
2136
2138
2140
2142
2144
2146
2147
2149
2151
2153
2155
2157
2159
2161
2163
2165
2167
2169
2170
2172
2174
2176
2178
2180
2182
2184
2185
2187
2189
2191
2193
2195
2197
2199
2200
2202
2204
2206
2207
2209
2211
2212
2214
2215
2217
2218
2220
2221
2223
2224
2226
2227
2229
2230
2232
2233
2235
2236
2238
2239
2240
2242
2243
2245
2246
2248
2249
2250
2252
2253
2255
2256
2257
2259
2260
2262
2263
2264
2266
2267
2269
2270
2271
2273
2274
2276
2277
2279
2280
2281
2283
2284
2286
2287
2289
2290
2291
2293
2294
2295
2297
2298
2300
2301
2303
2304
2306
2307
2309
2310
2312
2314
2315
2317
2319
2320
2322
2324
2325
2327
2329
2331
2333
2334
2336
2338
2340
2342
2344
2346
2348
2350
2352
2354
2356
2358
2360
2362
2365
2367
2369
2371
2374
2376
2378
2381
2383
2386
2388
2391
2393
2396
2398
2401
2403
2406
2408
2411
2413
2416
2418
2421
2423
2426
2428
2430
2433
2435
2438
2440
2442
2445
2447
2449
2452
2454
2456
2458
2461
2463
2465
2468
2470
2472
2474
2476
2479
2481
2483
2485
2487
2489
2491
2493
2496
2498
2500
2502
2504
2506
2508
2510
2513
2515
2517
2519
2521
2523
2525
2528
2530
2532
2534
2536
2538
2541
2543
2545
2547
2549
2551
2553
2555
2557
2560
2562
2564
2566
2568
2570
2572
2574
2576
2578
2581
2583
2585
2587
2589
2591
2593
2595
2598
2600
2602
2604
2606
2608
2610
2612
2614
2616
2618
2620
2622
2624
2626
2628
2630
2632
2634
2636
2637
2639
2641
2643
2645
2647
2649
2651
2653
2655
2657
2659
2661
2663
2665
2667
2669
2671
2673
2674
2676
2678
2680
2682
2683
2685
2687
2688
2690
2691
2693
2695
2696
2698
2699
2701
2702
2704
2705
2707
2709
2710
2712
2713
2715
2716
2718
2719
2721
2722
2724
2725
2727
2729
2730
2731
2733
2735
2736
2737
2739
2741
2742
2743
2745
2747
2748
2750
2751
2753
2754
2756
2757
2759
2761
2762
2764
2765
2766
2768
2769
2771
2772
2774
2775
2777
2778
2780
2782
2783
2785
2787
2788
2790
2792
2793
2795
2797
2799
2801
2803
2805
2806
2808
2811
2813
2815
2817
2819
2821
2823
2825
2827
2829
2831
2834
2836
2838
2840
2843
2845
2847
2850
2852
2854
2857
2859
2862
2864
2867
2869
2872
2874
2877
2880
2882
2885
2888
2890
2893
2895
2898
2900
2903
2905
2908
2910
2913
2915
2918
2920
2923
2925
2928
2930
2932
2935
2937
2940
2942
2944
2947
2949
2951
2954
2956
2958
2960
2963
2965
2967
2969
2971
2974
2976
2978
2980
2982
2984
2986
2988
2991
2993
2995
2997
2999
3001
3003
3005
3007
3009
3012
3014
3016
3018
3020
3022
3024
3026
3028
3031
3033
3035
3037
3039
3041
3043
3045
3047
3049
3051
3053
3056
3058
3060
3062
3064
3066
3068
3070
3072
3074
3076
3078
3081
3083
3085
3087
3089
3091
3093
3095
3097
3099
3101
3103
3105
3107
3109
3111
3113
3115
3117
3118
3120
3122
3124
3126
3128
3130
3132
3134
3136
3138
3140
3142
3144
3146
3148
3150
3152
3154
3156
3158
3160
3162
3164
3165
3167
3169
3171
3173
3174
3176
3178
3179
3181
3183
3184
3186
3187
3189
3191
3192
3194
3196
3197
3199
3200
3202
3204
3205
3207
3208
3210
3212
3213
3215
3216
3218
3219
3221
3223
3224
3226
3227
3229
3230
3232
3233
3235
3237
3238
3240
3241
3243
3245
3246
3248
3249
3251
3252
3254
3255
3257
3258
3260
3261
3263
3265
3266
3268
3270
3271
3273
3275
3276
3278
3280
3282
3284
3285
3287
3289
3291
3293
3295
3297
3299
3301
3303
3305
3307
3310
3312
3314
3316
3318
3320
3323
3325
3327
3329
3332
3334
3336
3339
3341
3344
3346
3349
3351
3354
3356
3359
3361
3364
3367
3369
3372
3374
3377
3380
3382
3385
3387
3390
3393
3395
3398
3400
3403
3405
3408
3410
3413
3415
3418
3420
3423
3425
3428
3430
3432
3435
3437
3440
3442
3444
3447
3449
3452
3454
3456
3459
3461
3463
3465
3468
3470
3472
3474
3477
3479
3481
3483
3486
3488
3490
3492
3494
3497
3499
3501
3503
3506
3508
3510
3512
3515
3517
3519
3522
3524
3526
3528
3531
3533
3535
3538
3540
3542
3544
3547
3549
3551
3553
3555
3558
3560
3562
3564
3566
3569
3571
3573
3575
3577
3579
3582
3584
3586
3588
3590
3592
3594
3596
3598
3600
3602
3604
3606
3608
3610
3612
3614
3616
3618
3620
3622
3624
3626
3628
3630
3632
3634
3636
3638
3640
3641
3643
3645
3647
3649
3651
3653
3655
3657
3659
3661
3663
3665
3667
3669
3671
3672
3674
3676
3678
3680
3681
3683
3685
3686
3688
3690
3692
3693
3695
3697
3699
3700
3702
3704
3705
3707
3709
3711
3712
3714
3716
3717
3719
3721
3722
3724
3726
3728
3729
3731
3733
3734
3736
3738
3739
3741
3743
3745
3746
3748
3750
3752
3754
3755
3757
3759
3760
3762
3764
3765
3767
3769
3770
3772
3774
3776
3777
3779
3781
3782
3784
3786
3788
3789
3791
3793
3795
3796
3798
3800
3802
3804
3806
3808
3810
3812
3814
3816
3818
3820
3822
3824
3826
3828
3831
3833
3835
3837
3840
3842
3844
3847
3849
3852
3854
3857
3859
3862
3864
3867
3870
3872
3875
3878
3881
3883
3886
3889
3891
3894
3897
3899
3902
3905
3907
3910
3913
3915
3918
3920
3923
3925
3928
3930
3933
3935
3938
3940
3943
3945
3948
3950
3953
3955
3958
3960
3962
3965
3967
3969
3972
3974
3976
3979
3981
3983
3985
3988
3990
3992
3994
3996
3999
4001
4003
4005
4007
4010
4012
4014
4016
4019
4021
4023
4026
4028
4030
4033
4035
4037
4039
4042
4044
4046
4048
4051
4053
4055
4057
4060
4062
4064
4066
4069
4071
4073
4075
4078
4080
4082
4084
4087
4089
4091
4093
4096
4098
4100
4102
4104
4106
4108
4111
4113
4115
4117
4119
4121
4123
4125
4127
4129
4131
4133
4136
4137
4139
4141
4143
4145
4147
4149
4151
4153
4155
4157
4159
4161
4163
4165
4167
4169
4171
4173
4175
4177
4179
4181
4183
4185
4187
4188
4190
4192
4194
4196
4197
4199
4201
4203
4205
4207
4208
4210
4212
4214
4216
4218
4220
4221
4223
4225
4227
4229
4230
4232
4234
4236
4237
4239
4241
4243
4244
4246
4248
4249
4251
4253
4255
4256
4258
4260
4261
4263
4265
4267
4269
4270
4272
4274
4276
4277
4279
4281
4282
4284
4286
4287
4289
4291
4293
4294
4296
4298
4300
4301
4303
4305
4307
4309
4311
4313
4314
4316
4318
4320
4322
4324
4326
4329
4331
4333
4335
4337
4339
4341
4343
4346
4348
4350
4352
4355
4357
4359
4362
4364
4367
4369
4372
4374
4377
4379
4382
4385
4387
4390
4393
4396
4398
4401
4404
4407
4410
4412
4415
4418
4421
4424
4426
4429
4432
4434
4437
4440
4442
4445
4448
4450
4453
4455
4458
4461
4463
4466
4468
4471
4473
4476
4478
4481
4483
4486
4488
4491
4493
4495
4498
4500
4503
4505
4507
4510
4512
4514
4517
4519
4521
4524
4526
4529
4531
4533
4536
4538
4541
4543
4546
4548
4551
4553
4556
4558
4561
4563
4566
4568
4570
4573
4575
4578
4580
4583
4585
4587
4590
4592
4595
4597
4599
4602
4604
4607
4609
4611
4614
4616
4618
4620
4623
4625
4627
4630
4632
4634
4636
4638
4640
4642
4645
4647
4649
4651
4653
4655
4657
4659
4661
4663
4665
4667
4669
4671
4673
4675
4677
4678
4680
4682
4684
4686
4688
4690
4692
4694
4696
4698
4700
4702
4704
4705
4707
4709
4711
4713
4715
4716
4718
4720
4722
4723
4725
4727
4729
4730
4732
4734
4736
4738
4740
4741
4743
4745
4747
4749
4751
4752
4754
4756
4758
4759
4761
4763
4765
4766
4768
4770
4772
4773
4775
4777
4779
4780
4782
4784
4785
4787
4789
4791
4792
4794
4796
4798
4799
4801
4803
4804
4806
4808
4809
4811
4812
4814
4816
4817
4819
4820
4822
4824
4826
4827
4829
4831
4832
4834
4836
4837
4839
4841
4843
4845
4847
4848
4850
4852
4854
4856
4858
4860
4863
4865
4867
4869
4871
4873
4875
4877
4880
4882
4884
4886
4889
4891
4894
4896
4899
4901
4904
4906
4909
4912
4914
4917
4920
4923
4925
4928
4931
4934
4937
4939
4942
4945
4948
4950
4953
4956
4958
4961
4964
4966
4969
4972
4974
4977
4980
4982
4985
4987
4990
4992
4995
4997
5000
5002
5005
5007
5010
5012
5015
5017
5019
5022
5024
5026
5029
5031
5033
5036
5038
5040
5043
5045
5047
5050
5052
5054
5057
5059
5061
5064
5066
5068
5071
5073
5075
5078
5080
5082
5085
5087
5089
5092
5094
5096
5098
5101
5103
5105
5107
5110
5112
5114
5117
5119
5121
5123
5126
5128
5130
5132
5134
5137
5139
5141
5143
5146
5148
5150
5152
5154
5157
5159
5161
5163
5165
5167
5169
5171
5173
5175
5177
5180
5182
5184
5186
5187
5189
5191
5193
5195
5197
5199
5201
5203
5205
5207
5209
5211
5213
5215
5217
5219
5221
5223
5225
5227
5229
5231
5233
5235
5236
5238
5240
5242
5243
5245
5247
5249
5250
5252
5254
5256
5258
5259
5261
5263
5265
5267
5268
5270
5272
5274
5275
5277
5279
5280
5282
5284
5285
5287
5289
5290
5292
5294
5295
5297
5299
5300
5302
5304
5305
5307
5309
5311
5312
5314
5316
5318
5319
5321
5323
5324
5326
5328
5329
5331
5332
5334
5336
5337
5339
5341
5342
5344
5346
5347
5349
5351
5352
5354
5356
5358
5359
5361
5363
5365
5367
5369
5371
5373
5375
5377
5379
5381
5383
5385
5387
5390
5392
5394
5396
5399
5401
5403
5406
5408
5411
5413
5416
5418
5421
5424
5426
5429
5432
5434
5437
5440
5443
5446
5449
5452
5455
5457
5460
5463
5466
5469
5472
5474
5477
5480
5483
5485
5488
5491
5494
5496
5499
5502
5504
5507
5510
5512
5515
5518
5520
5523
5526
5528
5531
5534
5536
5539
5541
5544
5546
5549
5551
5554
5556
5559
5561
5563
5566
5568
5571
5573
5576
5578
5580
5583
5585
5588
5590
5593
5595
5597
5600
5602
5605
5607
5609
5612
5614
5617
5619
5621
5624
5626
5628
5631
5633
5635
5638
5640
5642
5645
5647
5649
5651
5654
5656
5658
5660
5663
5665
5667
5669
5672
5674
5676
5678
5680
5683
5685
5687
5689
5691
5693
5695
5697
5699
5701
5703
5705
5708
5710
5712
5714
5716
5718
5720
5722
5724
5726
5728
5730
5732
5735
5737
5739
5741
5743
5745
5747
5749
5751
5754
5756
5758
5760
5762
5764
5766
5768
5769
5771
5773
5775
5777
5779
5781
5783
5785
5787
5789
5790
5792
5794
5796
5798
5800
5802
5804
5806
5808
5810
5812
5814
5815
5817
5819
5821
5823
5824
5826
5828
5830
5831
5833
5835
5837
5838
5840
5842
5843
5845
5847
5849
5850
5852
5854
5856
5857
5859
5861
5863
5864
5866
5868
5869
5871
5873
5874
5876
5878
5879
5881
5883
5885
5886
5888
5890
5891
5893
5895
5897
5899
5900
5902
5904
5906
5908
5910
5912
5914
5916
5918
5921
5923
5925
5927
5929
5931
5934
5936
5938
5941
5943
5945
5948
5950
5953
5955
5958
5961
5963
5966
5969
5972
5975
5977
5980
5983
5986
5989
5992
5995
5998
6001
6004
6007
6010
6012
6015
6018
6021
6024
6026
6029
6032
6035
6037
6040
6043
6045
6048
6051
6053
6056
6059
6061
6064
6067
6069
6072
6074
6077
6080
6082
6085
6087
6090
6092
6095
6097
6099
6102
6104
6107
6109
6111
6114
6116
6119
6121
6123
6126
6128
6131
6133
6135
6138
6140
6143
6145
6148
6150
6152
6155
6157
6160
6162
6164
6167
6169
6171
6174
6176
6179
6181
6183
6186
6188
6190
6193
6195
6197
6200
6202
6204
6206
6209
6211
6213
6216
6218
6220
6222
6224
6227
6229
6231
6233
6235
6237
6239
6242
6244
6246
6248
6250
6252
6254
6256
6258
6260
6262
6264
6266
6268
6270
6272
6274
6276
6278
6280
6282
6284
6286
6288
6290
6292
6294
6296
6298
6300
6302
6303
6305
6307
6309
6311
6312
6314
6316
6317
6319
6321
6323
6324
6326
6328
6330
6331
6333
6335
6337
6338
6340
6342
6343
6345
6347
6348
6350
6351
6353
6355
6356
6358
6359
6361
6363
6364
6366
6367
6369
6371
6372
6374
6376
6377
6379
6381
6382
6384
6386
6387
6389
6391
6392
6394
6395
6397
6398
6400
6402
6403
6405
6406
6408
6410
6411
6413
6414
6416
6418
6419
6421
6423
6425
6426
6428
6430
6432
6434
6436
6438
6440
6442
6444
6446
6448
6450
6452
6454
6456
6459
6461
6463
6465
6468
6470
6472
6475
6477
6480
6482
6485
6487
6490
6493
6495
6498
6501
6504
6506
6509
6512
6515
6517
6520
6523
6526
6528
6531
6534
6536
6539
6541
6544
6547
6549
6552
6554
6557
6559
6562
6564
6567
6569
6571
6574
6576
6579
6581
6583
6586
6588
6590
6593
6595
6597
6600
6602
6604
6606
6609
6611
6613
6615
6617
6619
6622
6624
6626
6628
6630
6632
6635
6637
6639
6641
6643
6645
6648
6650
6652
6654
6656
6658
6661
6663
6665
6667
6669
6671
6673
6675
6677
6679
6681
6683
6685
6687
6690
6692
6694
6695
6697
6699
6701
6703
6705
6707
6709
6711
6713
6715
6717
6719
6721
6723
6725
6727
6729
6730
6732
6734
6736
6738
6739
6741
6743
6745
6746
6748
6750
6751
6753
6755
6756
6758
6760
6761
6763
6765
6767
6768
6770
6772
6773
6775
6777
6778
6780
6782
6783
6785
6787
6788
6790
6791
6793
6794
6796
6797
6799
6800
6802
6803
6804
6806
6807
6809
6810
6812
6813
6815
6816
6818
6819
6821
6822
6824
6825
6827
6828
6829
6831
6832
6833
6835
6836
6838
6839
6840
6842
6843
6844
6846
6847
6848
6849
6851
6852
6853
6855
6856
6857
6859
6860
6861
6862
6864
6865
6866
6867
6868
6869
6871
6872
6873
6874
6875
6876
6878
6879
6880
6881
6883
6884
6885
6886
6888
6889
6891
6892
6894
6895
6897
6898
6900
6902
6903
6905
6907
6908
6910
6912
6914
6916
6918
6920
6921
6923
6925
6927
6929
6932
6934
6936
6938
6940
6942
6944
6947
6949
6951
6954
6956
6958
6961
6963
6966
6968
6970
6973
6975
6977
6979
6982
6984
6986
6988
6991
6993
6995
6997
6999
7001
7004
7006
7008
7010
7012
7014
7017
7019
7021
7023
7025
7027
7029
7031
7033
7035
7037
7039
7041
7043
7045
7047
7049
7051
7053
7055
7057
7059
7061
7063
7064
7066
7068
7070
7072
7074
7076
7078
7079
7081
7083
7085
7087
7089
7091
7093
7094
7096
7098
7100
7101
7103
7105
7107
7108
7110
7112
7114
7115
7117
7119
7121
7122
7124
7126
7127
7129
7131
7133
7134
7136
7138
7139
7141
7143
7145
7146
7148
7150
7151
7153
7154
7156
7158
7159
7161
7162
7164
7165
7167
7168
7170
7171
7173
7174
7176
7177
7179
7180
7182
7183
7185
7186
7188
7189
7191
7192
7194
7195
7196
7198
7199
7201
7202
7203
7204
7206
7207
7208
7209
7211
7212
7213
7214
7216
7217
7218
7219
7221
7222
7223
7224
7226
7227
7228
7229
7231
7232
7233
7234
7235
7237
7238
7239
7240
7241
7242
7244
7245
7246
7247
7248
7249
7250
7252
7253
7254
7255
7256
7257
7258
7259
7260
7261
7262
7263
7264
7265
7266
7267
7268
7269
7270
7271
7272
7273
7274
7275
7276
7277
7278
7278
7279
7281
7282
7283
7284
7285
7286
7287
7288
7289
7291
7292
7293
7295
7296
7297
7299
7300
7302
7303
7305
7306
7308
7309
7311
7312
7314
7316
7317
7319
7320
7322
7324
7325
7327
7329
7331
7332
7334
7336
7338
7340
7341
7343
7345
7347
7349
7351
7353
7354
7356
7358
7360
7362
7363
7365
7367
7369
7370
7372
7374
7376
7377
7379
7381
7382
7384
7386
7388
7389
7391
7393
7394
7396
7398
7399
7401
7403
7404
7406
7407
7409
7410
7412
7413
7415
7416
7418
7419
7421
7422
7424
7425
7427
7428
7429
7431
7432
7434
7435
7437
7438
7439
7441
7442
7444
7445
7447
7448
7449
7451
7452
7454
7455
7456
7458
7459
7461
7462
7464
7465
7466
7468
7469
7471
7472
7473
7475
7476
7478
7479
7480
7482
7483
7485
7486
7487
7489
7490
7492
7493
7494
7496
7497
7498
7500
7501
7502
7503
7505
7506
7507
7509
7510
7511
7512
7514
7515
7516
7517
7518
7520
7521
7522
7523
7524
7525
7527
7528
7529
7530
7531
7532
7533
7534
7536
7537
7538
7539
7539
7540
7541
7542
7543
7544
7545
7546
7547
7548
7549
7550
7551
7552
7552
7553
7554
7555
7556
7557
7558
7559
7560
7561
7562
7563
7564
7565
7565
7566
7567
7568
7569
7569
7570
7571
7572
7573
7573
7574
7575
7576
7576
7577
7578
7579
7579
7580
7581
7582
7582
7583
7584
7584
7585
7586
7586
7587
7588
7589
7589
7590
7591
7592
7592
7593
7594
7595
7596
7596
7597
7598
7599
7600
7601
7602
7603
7604
7605
7606
7607
7608
7609
7610
7611
7612
7613
7614
7615
7617
7618
7619
7620
7621
7622
7624
7625
7626
7627
7628
7630
7631
7632
7633
7635
7636
7637
7639
7640
7641
7643
7644
7645
7647
7648
7649
7651
7652
7653
7654
7655
7657
7658
7659
7660
7662
7663
7664
7665
7666
7668
7669
7670
7671
7672
7673
7674
7676
7677
7678
7679
7680
7681
7682
7683
7684
7685
7686
7687
7688
7689
7690
7691
7692
7693
7694
7695
7696
7697
7698
7699
7700
7701
7702
7703
7704
7705
7706
7707
7708
7709
7710
7711
7712
7713
7714
7715
7716
7717
7718
7719
7720
7721
7722
7723
7724
7725
7726
7727
7728
7729
7730
7732
7733
7734
7735
7736
7737
7738
7739
7740
7741
7742
7743
7744
7745
7746
7747
7748
7749
7750
7751
7752
7753
7754
7755
7756
7757
7758
7759
7760
7761
7762
7763
7764
7765
7766
7767
7768
7769
7770
7771
7772
7773
7774
7775
7776
7777
7778
7778
7779
7780
7781
7782
7783
7783
7784
7785
7786
7787
7787
7788
7789
7789
7790
7791
7792
7792
7793
7794
7794
7795
7796
7796
7797
7798
7799
7799
7800
7800
7801
7802
7802
7803
7803
7804
7805
7805
7806
7807
7807
7808
7808
7809
7810
7810
7811
7811
7812
7813
7813
7814
7815
7815
7816
7817
7817
7818
7819
7819
7820
7821
7821
7822
7823
7823
7824
7825
7825
7826
7827
7828
7828
7829
7830
7831
7832
7832
7833
7834
7835
7836
7837
7838
7839
7839
7840
7841
7842
7843
7844
7845
7846
7847
7848
7849
7851
7852
7853
7854
7855
7856
7857
7858
7859
7860
7862
7863
7864
7865
7866
7868
7869
7870
7871
7872
7874
7875
7876
7877
7878
7879
7881
7882
7883
7884
7885
7886
7887
7888
7889
7890
7892
7893
7894
7895
7896
7897
7898
7899
7900
7901
7902
7903
7904
7905
7906
7907
7908
7909
7909
7910
7911
7912
7913
7914
7915
7916
7916
7917
7918
7919
7920
7921
7922
7922
7923
7924
7925
7926
7927
7928
7929
7929
7930
7931
7932
7933
7934
7935
7935
7936
7937
7938
7939
7940
7941
7941
7942
7943
7944
7945
7946
7947
7947
7948
7949
7950
7951
7952
7953
7954
7955
7956
7957
7957
7958
7959
7960
7961
7962
7963
7964
7965
7966
7967
7968
7969
7970
7971
7971
7972
7973
7974
7975
7976
7977
7978
7979
7980
7981
7982
7983
7984
7985
7986
7987
7988
7989
7990
7991
7992
7993
7994
7994
7995
7996
7997
7998
7999
7999
8000
8001
8001
8002
8003
8003
8004
8005
8005
8006
8007
8007
8008
8008
8009
8010
8010
8011
8011
8012
8012
8013
8013
8014
8015
8015
8016
8016
8017
8017
8018
8018
8019
8019
8020
8020
8020
8021
8021
8022
8022
8023
8023
8024
8024
8025
8025
8026
8026
8027
8027
8028
8028
8029
8029
8030
8030
8031
8031
8032
8032
8033
8033
8034
8035
8035
8036
8037
8037
8038
8039
8040
8040
8041
8042
8043
8043
8044
8045
8046
8047
8047
8048
8049
8050
